3.25615 -2.26359 -2.92084
3.061 -2.30738 2.74522
2.87651 -2.23017 2.72239
2.69382 -2.14876 2.43199
2.5421 -2.01846 1.71113
2.51413 -1.82042 1.65968
2.49637 -1.62121 0.679987
2.65189 -1.49546 -0.0646522
2.69105 -1.49799 -1.39991
2.72506 -1.69508 -1.38926
2.76117 -1.89179 -1.28457
2.81763 -2.08366 -1.1962
2.89081 -2.26979 -1.09718
2.98203 -2.44777 -1.05483
3.08071 -2.62174 -0.980898
3.19196 -2.78794 -0.518948
3.36563 -2.88713 -0.936981
3.48408 -3.04828 -1.63095
3.47205 -3.24792 -1.03053
3.57492 -3.41944 -0.985052
3.68549 -3.5861 -0.843868
3.8184 -3.73554 -1.33135
3.86584 -3.92983 -0.965083
3.97971 -4.09425 -0.986758
4.08999 -4.2611 -1.03222
4.19257 -4.43279 -1.08157
4.28656 -4.60933 -1.08157
